68.2103
67.8841
68.0586
68.2562
68.8174
69.0243
69.1730
69.2582
69.3953
69.2650
69.0702
69.4484
69.4580
69.6073
69.8513
69.5424
69.9322
69.7921
70.0958
70.4959
70.9294
70.5310
70.7713
71.3943
71.2450
71.1670
71.2329
70.6718
70.6471
69.9001
69.8928
69.8087
69.6341
68.9224
68.6599
68.9062
68.8826
69.4671
70.1702
69.7317
70.5299
69.7972
70.1564
70.5338
70.5151
70.8099
70.6049
71.2347
70.5699
70.3100
70.4303
70.5708
71.2625
71.3339
71.0942
70.5618
70.6038
70.9207
70.9580
70.5926
70.7069
71.8847
76.8522
79.2839
76.7569
75.7507
76.8403
75.8448
76.0868
75.4034
75.6532
75.7924
75.2121
75.3281
76.1812
75.7605
75.2056
76.1261
75.6392
74.8125
75.0409
74.1772
73.5145
73.9430
73.8601
73.7796
73.0236
73.1769
73.3321
72.2390
72.1826
72.0082
72.1183
72.8322
72.5269
72.5211
72.5806
72.7183
72.4384
72.5130
72.8637
73.0686
73.7916
73.3654
74.1365
73.5621
72.5329
73.4825
74.1847
73.6118
73.6871
73.7247
73.3112
73.4087
73.6038
73.0884
72.9921
73.4690
73.7012
73.7097
73.9641
73.9028
73.9365
73.3470
72.8472
72.6817
72.4659
72.7955
73.2427
73.1345
73.4808
73.9327
74.1286
73.5261
73.7510
73.8181
73.3442
73.2021
73.0738
73.1064
73.4206
73.4744
73.4095
73.5632
73.8211
76.8250
76.6760
77.6519
76.2325
75.2253
76.0576
76.1848
76.7204
77.3491
78.1983
79.2502
78.4072
78.2269
78.7600
79.5594
79.6765
79.4966
78.6376
79.0200
79.1362
79.3685
80.3562
80.6702
81.3942
80.6488
79.7699
79.9521
79.3595
79.1749
78.3613
77.7529
78.0753
77.6844
77.3832
77.3846
77.0407
76.2294
75.9877
75.2272
75.7353
76.0505
76.6610
76.9870
76.2110
76.0710
77.0824
76.5047
76.0540
75.9236
75.6512
75.5692
75.3241
75.3702
74.8584
75.0806
74.9851
74.6658
75.0399
74.7918
74.4189
74.5803
74.9906
75.3158
75.6817
75.6711
75.8076
76.0926
76.0737
76.7556
75.5358
74.9022
75.3218
75.1825
75.1483
74.8048
74.9385
75.5655
75.6217
75.5191
75.8897
75.7484
75.3874
75.6562
75.7051
75.6071
76.0777
75.7075
75.6197
75.2168
75.3916
75.3890
75.3814
75.7761
76.4742
76.9377
77.9717